7159
28377
7165
7460
59689
3702
5057
5059
746128
162425
5061
5062
33178
9913
40559
15368
7739
135651
6238
6239
281687
31234
5476
42374
9615
10141
7719
51511
199306
5207
237895
7176
7955
9361
4959
44689
7217
7222
7227
7237
7244
7260
6035
5759
9796
33169
9685
5518
9031
69293
9606
6945
460519
29883
381046
5671
36914
9544
13616
81824
10090
7425
45351
36630
5141
9258
9986
4530
8090
70448
121224
1108849
5306
3218
164328
67593
5833
5850
73239
3694
104341
10116
4932
4924
4896
5180
4558
7668
9823
59729
31033
5911
99883
35128
5874
5875
7070
51453
5722
10228
5691
5270
36033
29760
8364
4952
4956